Iteration     : 1
CompLabel     : FX
averageVal1   : -0.00394
averageVal2   : -0.36058
AVG_MAG_VAL   : -0.18590
rmsVal1       : 0.18090
rmsVal2       : 0.18090
AVG_RMS_Val   : 0.18090
amplitudeVal1 : 0.00310
amplitudeVal2 : 0.15598
AVG_AMP_VAL   : 0.43823
Label 1       : a
Label 2       : a
t1Start       : 0.00000
t1End         : 8.15000
t2Start       : 8.15000
t2End         : 9.97500
tAvgIndex     : 4.98750

