Iteration     : 1
CompLabel     : FX
averageVal1   : 0.01451
averageVal2   : -0.00256
AVG_MAG_VAL   : 0.00598
rmsVal1       : 0.08613
rmsVal2       : 0.00196
AVG_RMS_Val   : 0.08613
amplitudeVal1 : 0.26709
amplitudeVal2 : 0.00904
AVG_AMP_VAL   : 0.26709
Label 1       : k
Label 2       : k
t1Start       : 0.00000
t1End         : 9.75000
t2Start       : 9.75000
t2End         : 9.85000
tAvgIndex     : 7.33750

